
=======================================================
  BURST LATENCY SUMMARY
=======================================================
  Total        : 200 transfers
  Sukses       : 200
  Gagal        : 0  (loss 0.0%)
    timeout    : 0
    refused    : 0
    other      : 0

  Min          : 366.5 ms
  Max          : 2749.6 ms
  Avg          : 554.0 ms
  Median (p50) : 506.4 ms
  Stdev        : 227.4 ms
  p90          : 681.0 ms
  p95          : 783.8 ms
  p99          : 1231.8 ms
=======================================================


=== JSON DATA ===
{
  "meta": {
    "timestamp": "2026-04-04T06:10:41.788117",
    "host": "10.99.0.2",
    "port": 9999,
    "payload_kb": 150,
    "repeat": 200,
    "interval_s": 2.0
  },
  "results": {
    "n_ok": 200,
    "n_fail": 0,
    "loss_pct": 0.0,
    "errors": {
      "timeout": 0,
      "refused": 0,
      "bad_ack": 0,
      "other": 0
    },
    "stats": {
      "min": 366.488,
      "max": 2749.568,
      "avg": 553.958,
      "median": 506.415,
      "stdev": 227.4,
      "p50": 506.415,
      "p90": 681.013,
      "p95": 783.767,
      "p99": 1231.789
    }
  },
  "raw_ms": [
    452.08,
    579.013,
    832.029,
    674.926,
    567.456,
    487.821,
    418.901,
    460.238,
    457.761,
    568.835,
    379.581,
    516.788,
    592.79,
    368.704,
    412.398,
    450.98,
    433.247,
    688.792,
    471.353,
    480.496,
    367.191,
    432.066,
    464.196,
    543.967,
    462.478,
    584.12,
    853.213,
    600.409,
    477.72,
    516.819,
    410.883,
    424.461,
    461.176,
    458.878,
    417.834,
    635.909,
    406.158,
    477.464,
    516.594,
    368.877,
    406.693,
    501.321,
    486.308,
    428.501,
    599.313,
    479.63,
    555.018,
    545.65,
    528.623,
    526.044,
    505.785,
    621.914,
    751.678,
    772.849,
    483.811,
    760.947,
    422.743,
    391.698,
    550.718,
    392.134,
    451.536,
    578.027,
    592.919,
    781.227,
    562.071,
    1887.583,
    2749.568,
    616.373,
    763.036,
    990.013,
    921.675,
    681.47,
    602.308,
    567.62,
    505.596,
    524.295,
    667.4,
    624.337,
    693.439,
    488.168,
    661.715,
    509.871,
    668.334,
    756.413,
    661.98,
    386.273,
    445.801,
    1210.632,
    484.128,
    427.12,
    435.255,
    475.753,
    391.428,
    576.249,
    531.779,
    433.672,
    615.718,
    479.603,
    414.565,
    497.406,
    644.237,
    524.157,
    545.668,
    643.42,
    447.965,
    528.793,
    590.909,
    877.145,
    543.725,
    389.469,
    529.674,
    550.908,
    449.044,
    464.681,
    585.582,
    672.096,
    606.168,
    565.366,
    507.045,
    434.751,
    481.682,
    487.729,
    569.103,
    1137.827,
    449.463,
    416.041,
    472.907,
    601.822,
    599.757,
    680.962,
    466.146,
    526.407,
    460.624,
    401.881,
    516.866,
    396.009,
    421.273,
    456.81,
    551.116,
    476.177,
    467.417,
    379.405,
    463.315,
    578.63,
    474.093,
    429.657,
    433.777,
    544.097,
    509.615,
    533.73,
    576.127,
    1225.165,
    742.257,
    520.787,
    464.774,
    652.248,
    366.488,
    385.325,
    429.615,
    606.36,
    473.273,
    503.425,
    480.764,
    533.049,
    551.997,
    479.553,
    459.718,
    491.641,
    531.116,
    467.305,
    462.352,
    403.764,
    546.497,
    427.557,
    609.955,
    416.696,
    452.527,
    436.384,
    449.747,
    437.802,
    621.234,
    584.406,
    479.728,
    575.129,
    548.007,
    527.411,
    452.646,
    474.426,
    498.665,
    476.336,
    437.705,
    495.898,
    517.784,
    611.128,
    574.484,
    387.351,
    567.777,
    449.856,
    640.491,
    603.438
  ]
}
