
=======================================================
  BURST LATENCY SUMMARY
=======================================================
  Total        : 200 transfers
  Sukses       : 200
  Gagal        : 0  (loss 0.0%)
    timeout    : 0
    refused    : 0
    other      : 0

  Min          : 206.7 ms
  Max          : 5499.5 ms
  Avg          : 290.7 ms
  Median (p50) : 248.6 ms
  Stdev        : 399.6 ms
  p90          : 279.0 ms
  p95          : 347.9 ms
  p99          : 1240.5 ms
=======================================================


=== JSON DATA ===
{
  "meta": {
    "timestamp": "2026-04-03T15:19:04.824247",
    "host": "10.99.0.2",
    "port": 9999,
    "payload_kb": 150,
    "repeat": 200,
    "interval_s": 2.0
  },
  "results": {
    "n_ok": 200,
    "n_fail": 0,
    "loss_pct": 0.0,
    "errors": {
      "timeout": 0,
      "refused": 0,
      "bad_ack": 0,
      "other": 0
    },
    "stats": {
      "min": 206.682,
      "max": 5499.516,
      "avg": 290.74,
      "median": 248.589,
      "stdev": 399.642,
      "p50": 248.589,
      "p90": 278.976,
      "p95": 347.915,
      "p99": 1240.537
    }
  },
  "raw_ms": [
    407.657,
    216.991,
    224.642,
    287.588,
    248.081,
    263.74,
    207.445,
    1735.842,
    5499.516,
    276.901,
    256.298,
    224.878,
    253.767,
    258.115,
    212.696,
    214.338,
    210.391,
    393.583,
    218.715,
    262.87,
    236.332,
    260.326,
    215.031,
    210.633,
    212.85,
    301.187,
    218.182,
    261.736,
    221.372,
    246.689,
    215.331,
    362.345,
    213.784,
    225.417,
    253.885,
    256.388,
    250.311,
    262.704,
    262.834,
    260.901,
    212.691,
    249.495,
    210.266,
    254.115,
    213.92,
    216.619,
    257.843,
    228.837,
    216.327,
    272.359,
    254.119,
    256.272,
    254.441,
    231.603,
    229.103,
    264.284,
    260.178,
    216.16,
    260.105,
    258.287,
    260.973,
    260.836,
    219.056,
    217.078,
    272.5,
    568.133,
    223.134,
    227.591,
    259.017,
    218.296,
    284.186,
    215.226,
    257.037,
    256.362,
    257.555,
    263.497,
    349.849,
    218.738,
    310.927,
    206.682,
    265.865,
    251.817,
    286.575,
    216.323,
    211.953,
    217.324,
    347.813,
    244.4,
    270.392,
    216.262,
    229.771,
    226.456,
    260.334,
    257.374,
    217.481,
    270.114,
    210.479,
    263.884,
    260.607,
    253.137,
    256.554,
    252.764,
    208.725,
    210.417,
    265.068,
    218.231,
    252.869,
    252.715,
    224.988,
    282.25,
    223.87,
    233.415,
    220.78,
    259.134,
    255.953,
    217.85,
    221.779,
    215.223,
    288.247,
    264.076,
    234.083,
    220.715,
    256.617,
    216.839,
    250.222,
    210.839,
    262.277,
    252.763,
    283.861,
    213.286,
    215.651,
    220.631,
    255.792,
    216.806,
    258.427,
    255.738,
    221.2,
    249.097,
    1218.672,
    256.269,
    232.595,
    228.818,
    220.06,
    264.36,
    275.383,
    220.504,
    263.048,
    210.021,
    265.633,
    215.851,
    221.836,
    216.981,
    221.047,
    230.088,
    246.27,
    207.366,
    225.985,
    267.64,
    220.352,
    258.77,
    209.425,
    209.263,
    217.493,
    220.682,
    231.689,
    252.957,
    256.961,
    216.826,
    229.819,
    257.004,
    213.506,
    278.612,
    216.207,
    220.438,
    299.461,
    213.398,
    220.417,
    250.081,
    222.343,
    210.951,
    243.922,
    263.801,
    229.369,
    255.886,
    216.189,
    237.353,
    251.224,
    1235.534,
    254.606,
    207.573,
    258.779,
    253.728,
    252.583,
    621.983,
    255.821,
    260.733,
    215.696,
    220.788,
    273.165,
    220.024
  ]
}
