
=======================================================
  BURST LATENCY SUMMARY
=======================================================
  Total        : 200 transfers
  Sukses       : 195
  Gagal        : 5  (loss 2.5%)
    timeout    : 5
    refused    : 0
    other      : 0

  Min          : 427.7 ms
  Max          : 11443.4 ms
  Avg          : 1607.4 ms
  Median (p50) : 1101.6 ms
  Stdev        : 1533.2 ms
  p90          : 3186.0 ms
  p95          : 4958.5 ms
  p99          : 6322.6 ms
=======================================================


=== JSON DATA ===
{
  "meta": {
    "timestamp": "2026-04-04T18:04:40.019765",
    "host": "10.99.0.2",
    "port": 9999,
    "payload_kb": 150,
    "repeat": 200,
    "interval_s": 2.0
  },
  "results": {
    "n_ok": 195,
    "n_fail": 5,
    "loss_pct": 2.5,
    "errors": {
      "timeout": 5,
      "refused": 0,
      "bad_ack": 0,
      "other": 0
    },
    "stats": {
      "min": 427.667,
      "max": 11443.356,
      "avg": 1607.401,
      "median": 1101.558,
      "stdev": 1533.17,
      "p50": 1101.558,
      "p90": 3185.974,
      "p95": 4958.472,
      "p99": 6322.601
    }
  },
  "raw_ms": [
    1297.084,
    2563.711,
    572.238,
    563.046,
    1171.31,
    1241.176,
    1651.047,
    1156.866,
    512.349,
    1005.201,
    913.682,
    1114.16,
    1487.576,
    1954.973,
    1150.414,
    605.573,
    1001.84,
    1474.161,
    910.395,
    552.999,
    2292.7,
    2740.217,
    1518.795,
    1869.192,
    504.529,
    640.469,
    1983.247,
    1087.494,
    664.876,
    1039.462,
    3076.646,
    810.94,
    1719.381,
    3938.71,
    5189.961,
    6092.097,
    5497.544,
    2256.176,
    1413.67,
    895.147,
    2193.801,
    1651.666,
    1008.598,
    3499.372,
    2097.607,
    991.984,
    818.61,
    3730.141,
    659.604,
    1940.475,
    1334.918,
    4927.979,
    2475.049,
    1105.109,
    1994.953,
    1493.666,
    672.776,
    959.447,
    1036.625,
    1321.855,
    2191.926,
    1941.51,
    2767.673,
    2739.15,
    2596.934,
    3185.506,
    1919.873,
    1943.354,
    2418.169,
    1195.781,
    1449.547,
    5403.7,
    3013.699,
    2461.138,
    812.717,
    2004.216,
    4939.41,
    3663.785,
    3276.292,
    1124.495,
    1972.63,
    6126.276,
    4898.197,
    3382.41,
    2726.159,
    3186.285,
    2733.136,
    1989.709,
    2033.571,
    1886.499,
    1258.248,
    1773.964,
    1285.544,
    2934.68,
    912.281,
    1157.409,
    554.213,
    865.243,
    1253.237,
    575.716,
    510.783,
    531.731,
    650.166,
    1108.59,
    570.242,
    1587.618,
    709.898,
    1111.874,
    909.195,
    1147.615,
    590.264,
    902.344,
    1353.559,
    616.369,
    741.791,
    734.203,
    557.338,
    877.318,
    809.702,
    554.391,
    541.642,
    551.012,
    1155.988,
    864.675,
    1046.696,
    555.339,
    1302.127,
    1248.339,
    1110.771,
    1306.685,
    1109.008,
    660.238,
    5254.775,
    9398.359,
    1156.798,
    776.744,
    643.347,
    1109.124,
    752.573,
    457.812,
    879.975,
    532.672,
    914.191,
    487.082,
    565.184,
    5002.949,
    1562.428,
    835.519,
    1778.407,
    964.383,
    1101.558,
    1986.137,
    3176.735,
    761.71,
    989.463,
    569.864,
    493.696,
    545.079,
    777.921,
    969.837,
    879.321,
    532.612,
    11443.356,
    2425.502,
    1985.622,
    975.075,
    723.604,
    601.392,
    6000.947,
    540.341,
    705.194,
    815.457,
    466.703,
    866.658,
    592.204,
    466.354,
    451.587,
    514.497,
    710.216,
    876.767,
    476.746,
    458.067,
    510.068,
    623.096,
    1257.15,
    1032.45,
    582.517,
    427.667,
    571.119,
    523.025,
    666.027,
    832.784,
    519.208,
    566.077,
    752.4
  ]
}
