
=======================================================
  BURST LATENCY SUMMARY
=======================================================
  Total        : 200 transfers
  Sukses       : 195
  Gagal        : 5  (loss 2.5%)
    timeout    : 5
    refused    : 0
    other      : 0

  Min          : 535.5 ms
  Max          : 8271.8 ms
  Avg          : 1202.7 ms
  Median (p50) : 810.2 ms
  Stdev        : 1124.9 ms
  p90          : 2179.5 ms
  p95          : 2689.1 ms
  p99          : 6438.7 ms
=======================================================


=== JSON DATA ===
{
  "meta": {
    "timestamp": "2026-04-03T21:14:23.757753",
    "host": "10.99.0.2",
    "port": 9999,
    "payload_kb": 150,
    "repeat": 200,
    "interval_s": 2.0
  },
  "results": {
    "n_ok": 195,
    "n_fail": 5,
    "loss_pct": 2.5,
    "errors": {
      "timeout": 5,
      "refused": 0,
      "bad_ack": 0,
      "other": 0
    },
    "stats": {
      "min": 535.548,
      "max": 8271.848,
      "avg": 1202.653,
      "median": 810.229,
      "stdev": 1124.914,
      "p50": 810.229,
      "p90": 2179.496,
      "p95": 2689.128,
      "p99": 6438.666
    }
  },
  "raw_ms": [
    663.46,
    957.579,
    794.86,
    801.272,
    563.931,
    626.728,
    627.923,
    661.747,
    1808.815,
    848.532,
    950.568,
    855.014,
    1289.894,
    782.185,
    831.164,
    2508.464,
    1844.872,
    740.561,
    706.38,
    1350.197,
    695.104,
    666.756,
    702.558,
    792.928,
    749.844,
    551.786,
    794.304,
    1772.476,
    867.076,
    611.883,
    637.507,
    683.975,
    623.844,
    691.789,
    593.703,
    2221.39,
    806.429,
    637.885,
    689.718,
    619.798,
    740.151,
    700.166,
    731.131,
    2738.999,
    616.566,
    2388.152,
    1623.932,
    549.167,
    765.103,
    772.151,
    750.748,
    637.562,
    638.602,
    4123.066,
    5127.421,
    879.956,
    6325.292,
    916.13,
    590.436,
    863.49,
    672.384,
    1951.461,
    866.29,
    653.859,
    2667.754,
    834.091,
    604.849,
    706.997,
    662.393,
    1655.297,
    603.783,
    1051.764,
    789.897,
    675.97,
    2372.853,
    1008.372,
    553.948,
    681.212,
    574.353,
    959.666,
    828.833,
    805.026,
    685.286,
    838.172,
    846.382,
    809.155,
    720.576,
    2116.656,
    874.432,
    1034.98,
    1602.149,
    1967.412,
    1365.057,
    1005.903,
    1148.16,
    1195.012,
    910.638,
    1176.037,
    786.771,
    1407.788,
    780.946,
    771.145,
    786.784,
    579.322,
    1502.828,
    576.908,
    559.414,
    783.647,
    852.936,
    810.229,
    896.838,
    622.594,
    541.191,
    642.379,
    1819.892,
    650.278,
    827.015,
    703.307,
    1783.929,
    2479.304,
    975.184,
    750.858,
    952.721,
    1048.131,
    1040.643,
    991.745,
    798.856,
    661.007,
    686.68,
    694.01,
    1360.59,
    897.087,
    670.704,
    815.945,
    606.72,
    997.569,
    535.548,
    1764.482,
    626.083,
    837.367,
    597.2,
    664.849,
    598.702,
    647.747,
    674.75,
    1787.183,
    772.395,
    1099.405,
    544.859,
    805.033,
    1385.967,
    1302.125,
    4863.649,
    2288.396,
    2626.867,
    1398.369,
    669.447,
    2082.298,
    797.807,
    594.288,
    591.844,
    651.428,
    1747.422,
    851.895,
    616.624,
    2397.873,
    8271.848,
    925.735,
    816.798,
    798.526,
    3164.702,
    1506.276,
    710.169,
    956.955,
    788.523,
    854.961,
    608.867,
    8214.846,
    643.731,
    902.347,
    557.275,
    617.71,
    624.098,
    1908.512,
    5476.855,
    979.867,
    1942.906,
    969.218,
    886.392,
    2254.447,
    866.735,
    3256.556,
    1201.851,
    1073.893,
    1220.754
  ]
}
