
=======================================================
  BURST LATENCY SUMMARY
=======================================================
  Total        : 200 transfers
  Sukses       : 200
  Gagal        : 0  (loss 0.0%)
    timeout    : 0
    refused    : 0
    other      : 0

  Min          : 452.3 ms
  Max          : 2850.6 ms
  Avg          : 745.1 ms
  Median (p50) : 609.6 ms
  Stdev        : 342.2 ms
  p90          : 1073.7 ms
  p95          : 1346.8 ms
  p99          : 2076.9 ms
=======================================================


=== JSON DATA ===
{
  "meta": {
    "timestamp": "2026-04-06T10:52:51.685711",
    "host": "10.99.0.2",
    "port": 9999,
    "payload_kb": 150,
    "repeat": 200,
    "interval_s": 2.0
  },
  "results": {
    "n_ok": 200,
    "n_fail": 0,
    "loss_pct": 0.0,
    "errors": {
      "timeout": 0,
      "refused": 0,
      "bad_ack": 0,
      "other": 0
    },
    "stats": {
      "min": 452.332,
      "max": 2850.574,
      "avg": 745.108,
      "median": 609.642,
      "stdev": 342.173,
      "p50": 609.642,
      "p90": 1073.689,
      "p95": 1346.76,
      "p99": 2076.866
    }
  },
  "raw_ms": [
    1212.613,
    883.398,
    909.083,
    1029.455,
    1494.256,
    1340.667,
    815.204,
    1110.039,
    1138.246,
    1330.397,
    1040.651,
    2033.57,
    1626.244,
    1486.247,
    1785.814,
    2074.853,
    1462.531,
    978.11,
    559.28,
    541.939,
    564.15,
    712.732,
    846.138,
    454.445,
    458.624,
    503.625,
    555.228,
    824.099,
    548.293,
    473.582,
    537.288,
    518.622,
    1248.393,
    770.647,
    786.117,
    553.001,
    509.259,
    885.9,
    929.201,
    501.49,
    554.226,
    619.378,
    615.085,
    1217.522,
    558.599,
    577.601,
    533.79,
    587.927,
    1243.336,
    536.148,
    502.593,
    625.233,
    561.073,
    770.814,
    533.092,
    580.823,
    657.383,
    524.955,
    971.159,
    923.411,
    482.049,
    577.725,
    529.77,
    557.59,
    886.003,
    593.817,
    618.444,
    595.722,
    581.441,
    876.645,
    916.398,
    643.43,
    620.73,
    657.146,
    714.418,
    778.469,
    843.792,
    580.263,
    671.314,
    530.486,
    721.179,
    846.9,
    664.347,
    922.627,
    511.182,
    555.319,
    997.189,
    481.93,
    488.148,
    523.131,
    612.392,
    1053.396,
    510.536,
    533.735,
    468.15,
    733.063,
    690.415,
    931.288,
    544.237,
    510.828,
    485.746,
    732.516,
    936.656,
    452.332,
    488.495,
    648.83,
    643.439,
    912.49,
    602.257,
    466.496,
    501.631,
    605.907,
    712.414,
    862.733,
    570.133,
    557.897,
    566.91,
    662.839,
    2850.574,
    1033.825,
    603.564,
    529.862,
    1632.386,
    518.385,
    553.669,
    453.975,
    456.194,
    822.778,
    588.662,
    524.704,
    515.241,
    536.278,
    704.273,
    1069.65,
    508.389,
    513.355,
    577.706,
    481.211,
    1051.169,
    592.281,
    660.494,
    638.01,
    609.783,
    855.543,
    550.546,
    521.624,
    571.407,
    650.5,
    888.633,
    793.048,
    594.667,
    609.501,
    584.257,
    763.174,
    870.867,
    556.91,
    700.235,
    558.061,
    540.113,
    2276.214,
    652.21,
    527.112,
    513.166,
    829.339,
    1328.711,
    490.106,
    476.378,
    505.075,
    690.21,
    907.265,
    538.546,
    580.208,
    553.275,
    545.588,
    917.596,
    530.353,
    457.768,
    518.666,
    563.01,
    748.382,
    1314.397,
    963.594,
    557.832,
    522.126,
    866.567,
    895.964,
    495.491,
    557.343,
    594.71,
    711.241,
    976.624,
    597.762,
    523.633,
    533.967,
    997.824,
    843.694,
    734.157,
    623.699,
    585.598,
    647.825
  ]
}
