
=======================================================
  BURST LATENCY SUMMARY
=======================================================
  Total        : 200 transfers
  Sukses       : 185
  Gagal        : 15  (loss 7.5%)
    timeout    : 15
    refused    : 0
    other      : 0

  Min          : 736.2 ms
  Max          : 18629.1 ms
  Avg          : 2976.4 ms
  Median (p50) : 2330.7 ms
  Stdev        : 2395.0 ms
  p90          : 5887.3 ms
  p95          : 7308.3 ms
  p99          : 11333.2 ms
=======================================================


=== JSON DATA ===
{
  "meta": {
    "timestamp": "2026-04-04T11:57:31.147550",
    "host": "10.99.0.2",
    "port": 9999,
    "payload_kb": 150,
    "repeat": 200,
    "interval_s": 2.0
  },
  "results": {
    "n_ok": 185,
    "n_fail": 15,
    "loss_pct": 7.5,
    "errors": {
      "timeout": 15,
      "refused": 0,
      "bad_ack": 0,
      "other": 0
    },
    "stats": {
      "min": 736.234,
      "max": 18629.092,
      "avg": 2976.442,
      "median": 2330.729,
      "stdev": 2394.956,
      "p50": 2330.729,
      "p90": 5887.296,
      "p95": 7308.297,
      "p99": 11333.196
    }
  },
  "raw_ms": [
    1388.413,
    1446.894,
    1052.864,
    1378.877,
    1330.511,
    1200.237,
    859.54,
    1131.674,
    1796.451,
    1462.48,
    1193.598,
    6289.289,
    7086.125,
    2314.124,
    5945.629,
    13067.693,
    2964.767,
    1959.465,
    3770.352,
    1613.895,
    2836.87,
    1384.761,
    7968.038,
    1018.821,
    5005.986,
    5622.678,
    8296.007,
    1145.37,
    3139.086,
    2041.449,
    6549.749,
    1783.08,
    9679.738,
    1893.81,
    2419.894,
    1520.256,
    1360.51,
    1590.327,
    912.015,
    2643.845,
    980.626,
    2377.64,
    3092.489,
    5064.723,
    3305.718,
    4618.527,
    4087.434,
    4697.134,
    3665.875,
    4430.887,
    18629.092,
    3123.885,
    7363.84,
    2277.267,
    2040.744,
    2184.662,
    3774.823,
    6813.342,
    5088.697,
    5183.814,
    3296.709,
    3192.744,
    4131.222,
    2642.221,
    2140.958,
    1921.046,
    2923.718,
    2955.601,
    1989.856,
    2161.166,
    1842.991,
    3353.298,
    2377.197,
    2335.709,
    2781.268,
    5465.345,
    3758.958,
    6034.069,
    6466.406,
    2921.208,
    3278.099,
    4402.194,
    3306.539,
    2484.755,
    3573.24,
    4398.012,
    3429.471,
    2511.756,
    2623.708,
    3329.459,
    4184.471,
    4454.238,
    3518.671,
    3121.654,
    3936.915,
    3295.297,
    5341.629,
    3489.727,
    4256.587,
    3260.082,
    3549.24,
    3090.758,
    8707.031,
    11002.815,
    6371.709,
    4612.003,
    3313.201,
    7842.407,
    3880.169,
    6515.017,
    3126.142,
    802.631,
    764.141,
    2750.278,
    808.567,
    789.234,
    1056.028,
    1177.037,
    2604.817,
    1515.544,
    1030.199,
    1584.064,
    763.766,
    1051.956,
    1744.22,
    1971.358,
    1166.142,
    1257.134,
    1159.066,
    1476.435,
    1283.888,
    812.182,
    1166.237,
    749.876,
    877.191,
    1845.869,
    765.707,
    1061.95,
    736.234,
    1361.034,
    1009.269,
    977.367,
    1467.476,
    1046.0,
    916.05,
    1430.145,
    1380.121,
    1447.05,
    1581.458,
    1260.453,
    2980.437,
    1645.728,
    894.446,
    2173.256,
    1301.08,
    1504.383,
    1448.244,
    1258.111,
    1290.093,
    1709.965,
    2330.729,
    1841.12,
    1319.137,
    1261.883,
    1085.501,
    1278.29,
    1106.492,
    897.679,
    2585.691,
    4266.401,
    1872.604,
    2176.187,
    2046.314,
    826.987,
    3047.613,
    5799.797,
    8088.327,
    3583.582,
    3572.941,
    2711.719,
    5657.309,
    2305.565,
    2471.164,
    1437.772,
    2452.055
  ]
}
